0.667489
0.667489
0.667489
0.667489
0.667489
0.667489
0.667489
0.667489
0.667489
0.667489
0.667489
0.667489
0.667489
0.667489
0.667489
0.667489
0.667489
0.667489
0.667489
0.667489
0.667489
0.667489
0.667489
0.667489
0.667489
0.667489
0.667489
0.667489
0.667489
0.667489
0.667489
0.667489
0.667489
0.667489
0.667489
0.667489
0.667489
0.667489
0.667489
0.667489
0.667489
0.667489
0.667489
0.667489
0.667489
0.667489
0.667489
0.667489
0.667489
0.667489
0.667489
0.667489
0.667489
0.667489
0.667489
0.667489
0.667489
0.667489
0.667489
0.667489
0.667489
0.667489
0.667489
0.667489
0.667489
0.667489
0.667489
0.667489
0.667489
0.667489
